# Dolby Vision Display Management Configuration File
# Date : 11/22/2022
# Brand Model Number: CPH2447

[Global]
DMSwVersion = 4.0
Tmax = 700
Tmin = 0.005
TPrimaries = 0.6787 0.3219 0.2647 0.6886 0.1467 0.0645 0.3127 0.329

TEOTF = POWER
Tgamma = 2.2


RGB2YCCmat = 0.182619381513179 0.614203688824073 0.062000459074512 -0.100661363813662 -0.338554322460847 0.439215686274510 0.439215686274510 -0.398944454182289 -0.040271232092221
RGB2YCCOffsetNorm=0.0625 0.5 0.5


TScreenReflection = 0.0005
TSourroundReflection = 0.5
ALDelayMilliSec = 10
ALResponseFall = 0.004
ALResponseRise = 0.02
ALOperationalRate = 50
TFrontLux = 1000

[PictureMode = 0]
PictureModeName = Dolby Vision Standard
Tmax = 300
Ambient = 10

[PictureMode = 1]
PictureModeName = Dolby Vision Bright
Tmax = 300
Ambient = 10

[PictureMode = 2]
PictureModeName = Dolby Vision Vivid
DSaturation = 0.2
DBrightness = 0.2
Ambient = 10

[PictureMode = 3]
PictureModeName = Dolby Vision Cinema
Ambient = 0
